Overlap threshold: >= 15% of a frame footprint
  group 1 (10 frames): v1e1, v1e2, v1e3, v1e4, v1e5, v4e1, v4e2, v4e3, v4e4, v4e5
  group 2 (10 frames): v2e1, v2e2, v2e3, v2e4, v2e5, v3e1, v3e2, v3e3, v3e4, v3e5

Pair-wise overlap fractions (rows/cols = group order):
                0       1       2       3       4       5       6       7       8       9      10      11      12      13      14      15      16      17      18      19
[1.1]        0.00    0.83    0.57    0.24    0.20    0.00    0.00    0.00    0.00    0.00    0.00    0.00    0.00    0.00    0.00    0.00    0.00    0.00    0.00    0.00
[1.2]        0.83    0.00    0.57    0.20    0.24    0.00    0.00    0.00    0.00    0.00    0.00    0.00    0.00    0.00    0.00    0.00    0.00    0.00    0.00    0.00
[1.3]        0.57    0.57    0.00    0.57    0.57    0.00    0.00    0.00    0.00    0.00    0.00    0.00    0.00    0.00    0.00    0.00    0.00    0.00    0.00    0.00
[1.4]        0.24    0.20    0.57    0.00    0.83    0.00    0.00    0.00    0.00    0.00    0.00    0.00    0.00    0.00    0.00    0.38    0.32    0.00    0.00    0.00
[1.5]        0.20    0.24    0.57    0.83    0.00    0.00    0.00    0.00    0.00    0.00    0.00    0.00    0.00    0.00    0.00    0.32    0.38    0.00    0.00    0.00
[2.1]        0.00    0.00    0.00    0.00    0.00    0.00    0.83    0.57    0.24    0.20    0.00    0.00    0.00    0.00    0.00    0.00    0.00    0.00    0.00    0.00
[2.2]        0.00    0.00    0.00    0.00    0.00    0.83    0.00    0.57    0.20    0.24    0.00    0.00    0.00    0.00    0.00    0.00    0.00    0.00    0.00    0.00
[2.3]        0.00    0.00    0.00    0.00    0.00    0.57    0.57    0.00    0.57    0.57    0.00    0.00    0.00    0.00    0.00    0.00    0.00    0.00    0.00    0.00
[2.4]        0.00    0.00    0.00    0.00    0.00    0.24    0.20    0.57    0.00    0.83    0.38    0.32    0.00    0.00    0.00    0.00    0.00    0.00    0.00    0.00
[2.5]        0.00    0.00    0.00    0.00    0.00    0.20    0.24    0.57    0.83    0.00    0.32    0.38    0.00    0.00    0.00    0.00    0.00    0.00    0.00    0.00
[3.1]        0.00    0.00    0.00    0.00    0.00    0.00    0.00    0.00    0.38    0.32    0.00    0.83    0.57    0.24    0.20    0.00    0.00    0.00    0.00    0.00
[3.2]        0.00    0.00    0.00    0.00    0.00    0.00    0.00    0.00    0.32    0.38    0.83    0.00    0.57    0.20    0.24    0.00    0.00    0.00    0.00    0.00
[3.3]        0.00    0.00    0.00    0.00    0.00    0.00    0.00    0.00    0.00    0.00    0.57    0.57    0.00    0.57    0.57    0.00    0.00    0.00    0.00    0.00
[3.4]        0.00    0.00    0.00    0.00    0.00    0.00    0.00    0.00    0.00    0.00    0.24    0.20    0.57    0.00    0.83    0.00    0.00    0.00    0.00    0.00
[3.5]        0.00    0.00    0.00    0.00    0.00    0.00    0.00    0.00    0.00    0.00    0.20    0.24    0.57    0.83    0.00    0.00    0.00    0.00    0.00    0.00
[4.1]        0.00    0.00    0.00    0.38    0.32    0.00    0.00    0.00    0.00    0.00    0.00    0.00    0.00    0.00    0.00    0.00    0.83    0.57    0.24    0.20
[4.2]        0.00    0.00    0.00    0.32    0.38    0.00    0.00    0.00    0.00    0.00    0.00    0.00    0.00    0.00    0.00    0.83    0.00    0.57    0.20    0.24
[4.3]        0.00    0.00    0.00    0.00    0.00    0.00    0.00    0.00    0.00    0.00    0.00    0.00    0.00    0.00    0.00    0.57    0.57    0.00    0.57    0.57
[4.4]        0.00    0.00    0.00    0.00    0.00    0.00    0.00    0.00    0.00    0.00    0.00    0.00    0.00    0.00    0.00    0.24    0.20    0.57    0.00    0.83
[4.5]        0.00    0.00    0.00    0.00    0.00    0.00    0.00    0.00    0.00    0.00    0.00    0.00    0.00    0.00    0.00    0.20    0.24    0.57    0.83    0.00
